cluster,louvain_res,idx
14,Cluster_ID_res8,14
